45 106
153 169
154 168
190 210
279 314
281 312
285 308
595 868
902 1072
993 1017
1031 1058
1143 1168
1187 1193
1272 1338
1287 1324
1288 1323
1290 1321
1350 1373
1407 1423
1453 1618
1523 1537
1814 1820
2014 2124
2028 2048
2029 2047
2030 2046
2031 2045
2086 2101
2209 2220
2210 2219
2350 2357
2369 2559
2383 2537
2384 2536
2430 2451
2431 2450
2434 2447
2435 2446
2436 2445
2641 2770
2672 2677
2745 2751
2837 3511
2838 3510
2904 2962
3342 3381
3346 3376
3436 3444
3557 3585
3597 3632
3601 3628
3748 3772
3850 3940
3853 3865
3854 3864
3873 3934
3884 3918
3893 3912
3894 3911
